100 1 1
100 2 1
100 3 2
100 4 2
102 1 1
102 4 1
102 2 2
102 3 2
103 2 1
103 4 1
103 1 2
103 3 2
105 1 1
105 2 1
105 3 2
105 4 2
107 1 1
107 4 1
107 2 2
107 3 2
108 1 1
108 3 1
108 2 2
108 4 2
110 2 1
110 4 1
110 1 2
110 3 2
111 2 1
111 4 1
111 1 2
111 3 2
112 1 1
112 3 1
112 2 2
112 4 2
113 1 1
113 3 1
113 2 2
113 4 2
115 1 1
115 2 1
115 3 2
115 4 2
116 1 1
116 4 1
116 2 2
116 3 2
117 1 1
117 3 1
117 2 2
117 4 2
118 1 1
118 3 1
118 2 2
118 4 2
120 1 1
120 3 1
120 2 2
120 4 2
121 1 1
121 4 1
121 2 2
121 3 2
122 1 1
122 3 1
122 2 2
122 4 2
123 2 1
123 3 1
123 1 2
123 4 2
125 1 1
125 3 1
125 2 2
125 4 2
128 1 1
128 2 1
128 3 2
128 4 2
129 1 1
129 3 1
129 2 2
129 4 2
130 1 1
130 3 1
130 2 2
130 4 2
132 1 1
132 3 1
132 2 2
132 4 2
133 2 1
133 3 1
133 1 2
133 4 2
135 1 1
135 4 1
135 2 2
135 3 2
137 1 1
137 3 1
137 2 2
137 4 2
138 1 1
138 3 1
138 2 2
138 4 2
140 1 1
140 3 1
140 2 2
140 4 2
97 1 1
97 3 1
97 2 2
97 4 2
98 2 1
98 3 1
98 1 2
98 4 2
